1.000000000000000000e+00 1.000000000000000000e+00 1.000000000000000000e+00 1.000000000000000000e+00 1.000000000000000000e+00 1.000000000000000000e+00 1.000000000000000000e+00 1.000000000000000000e+00 1.000000000000000000e+00 1.000000000000000000e+00 1.000000000000000000e+00 1.000000000000000000e+00 1.000000000000000000e+00 1.000000000000000000e+00 1.000000000000000000e+00 1.000000000000000000e+00 1.000000000000000000e+00 1.000000000000000000e+00 1.000000000000000000e+00 1.000000000000000000e+00
9.649999999999999689e-01 1.000000000000000000e+00 1.000000000000000000e+00 1.000000000000000000e+00 1.000000000000000000e+00 1.000000000000000000e+00 1.000000000000000000e+00 1.000000000000000000e+00 1.000000000000000000e+00 1.000000000000000000e+00 1.000000000000000000e+00 1.000000000000000000e+00 1.000000000000000000e+00 1.000000000000000000e+00 1.000000000000000000e+00 1.000000000000000000e+00 1.000000000000000000e+00 1.000000000000000000e+00 1.000000000000000000e+00 1.000000000000000000e+00
7.199999999999999734e-01 9.949999999999999956e-01 1.000000000000000000e+00 1.000000000000000000e+00 1.000000000000000000e+00 1.000000000000000000e+00 1.000000000000000000e+00 1.000000000000000000e+00 1.000000000000000000e+00 1.000000000000000000e+00 1.000000000000000000e+00 1.000000000000000000e+00 1.000000000000000000e+00 1.000000000000000000e+00 1.000000000000000000e+00 1.000000000000000000e+00 1.000000000000000000e+00 1.000000000000000000e+00 1.000000000000000000e+00 1.000000000000000000e+00
5.100000000000000089e-01 9.599999999999999645e-01 1.000000000000000000e+00 1.000000000000000000e+00 1.000000000000000000e+00 1.000000000000000000e+00 1.000000000000000000e+00 1.000000000000000000e+00 1.000000000000000000e+00 1.000000000000000000e+00 1.000000000000000000e+00 1.000000000000000000e+00 1.000000000000000000e+00 1.000000000000000000e+00 1.000000000000000000e+00 1.000000000000000000e+00 1.000000000000000000e+00 1.000000000000000000e+00 1.000000000000000000e+00 1.000000000000000000e+00
5.200000000000000178e-01 8.449999999999999734e-01 9.949999999999999956e-01 9.949999999999999956e-01 1.000000000000000000e+00 1.000000000000000000e+00 1.000000000000000000e+00 1.000000000000000000e+00 1.000000000000000000e+00 1.000000000000000000e+00 1.000000000000000000e+00 1.000000000000000000e+00 1.000000000000000000e+00 1.000000000000000000e+00 1.000000000000000000e+00 1.000000000000000000e+00 1.000000000000000000e+00 1.000000000000000000e+00 1.000000000000000000e+00 1.000000000000000000e+00
3.250000000000000111e-01 7.550000000000000044e-01 9.449999999999999512e-01 9.899999999999999911e-01 9.949999999999999956e-01 1.000000000000000000e+00 1.000000000000000000e+00 1.000000000000000000e+00 1.000000000000000000e+00 1.000000000000000000e+00 1.000000000000000000e+00 1.000000000000000000e+00 1.000000000000000000e+00 1.000000000000000000e+00 1.000000000000000000e+00 1.000000000000000000e+00 1.000000000000000000e+00 1.000000000000000000e+00 1.000000000000000000e+00 1.000000000000000000e+00
3.350000000000000200e-01 5.250000000000000222e-01 8.699999999999999956e-01 9.849999999999999867e-01 9.949999999999999956e-01 1.000000000000000000e+00 1.000000000000000000e+00 1.000000000000000000e+00 1.000000000000000000e+00 1.000000000000000000e+00 1.000000000000000000e+00 1.000000000000000000e+00 1.000000000000000000e+00 1.000000000000000000e+00 1.000000000000000000e+00 1.000000000000000000e+00 1.000000000000000000e+00 1.000000000000000000e+00 1.000000000000000000e+00 1.000000000000000000e+00
2.500000000000000000e-01 4.099999999999999756e-01 6.949999999999999512e-01 9.599999999999999645e-01 9.899999999999999911e-01 9.799999999999999822e-01 1.000000000000000000e+00 1.000000000000000000e+00 1.000000000000000000e+00 1.000000000000000000e+00 1.000000000000000000e+00 1.000000000000000000e+00 1.000000000000000000e+00 1.000000000000000000e+00 1.000000000000000000e+00 1.000000000000000000e+00 1.000000000000000000e+00 1.000000000000000000e+00 1.000000000000000000e+00 1.000000000000000000e+00
1.950000000000000067e-01 4.000000000000000222e-01 6.099999999999999867e-01 8.950000000000000178e-01 9.549999999999999600e-01 9.899999999999999911e-01 1.000000000000000000e+00 1.000000000000000000e+00 1.000000000000000000e+00 1.000000000000000000e+00 1.000000000000000000e+00 1.000000000000000000e+00 1.000000000000000000e+00 1.000000000000000000e+00 1.000000000000000000e+00 1.000000000000000000e+00 1.000000000000000000e+00 1.000000000000000000e+00 1.000000000000000000e+00 1.000000000000000000e+00
1.900000000000000022e-01 3.200000000000000067e-01 5.400000000000000355e-01 8.000000000000000444e-01 9.499999999999999556e-01 9.799999999999999822e-01 9.949999999999999956e-01 1.000000000000000000e+00 9.949999999999999956e-01 9.949999999999999956e-01 1.000000000000000000e+00 1.000000000000000000e+00 1.000000000000000000e+00 1.000000000000000000e+00 1.000000000000000000e+00 1.000000000000000000e+00 1.000000000000000000e+00 1.000000000000000000e+00 1.000000000000000000e+00 1.000000000000000000e+00
2.500000000000000000e-01 3.049999999999999933e-01 4.749999999999999778e-01 7.700000000000000178e-01 9.150000000000000355e-01 9.749999999999999778e-01 9.949999999999999956e-01 1.000000000000000000e+00 1.000000000000000000e+00 9.949999999999999956e-01 1.000000000000000000e+00 9.899999999999999911e-01 1.000000000000000000e+00 1.000000000000000000e+00 1.000000000000000000e+00 1.000000000000000000e+00 1.000000000000000000e+00 1.000000000000000000e+00 1.000000000000000000e+00 1.000000000000000000e+00
1.799999999999999933e-01 2.449999999999999956e-01 3.350000000000000200e-01 6.850000000000000533e-01 8.349999999999999645e-01 9.150000000000000355e-01 9.899999999999999911e-01 9.949999999999999956e-01 9.949999999999999956e-01 1.000000000000000000e+00 1.000000000000000000e+00 1.000000000000000000e+00 1.000000000000000000e+00 1.000000000000000000e+00 1.000000000000000000e+00 1.000000000000000000e+00 1.000000000000000000e+00 1.000000000000000000e+00 1.000000000000000000e+00 1.000000000000000000e+00
2.000000000000000111e-01 3.649999999999999911e-01 3.049999999999999933e-01 5.600000000000000533e-01 7.800000000000000266e-01 8.699999999999999956e-01 9.599999999999999645e-01 9.949999999999999956e-01 9.949999999999999956e-01 1.000000000000000000e+00 9.949999999999999956e-01 1.000000000000000000e+00 1.000000000000000000e+00 9.949999999999999956e-01 1.000000000000000000e+00 1.000000000000000000e+00 1.000000000000000000e+00 1.000000000000000000e+00 1.000000000000000000e+00 1.000000000000000000e+00
1.549999999999999989e-01 1.400000000000000133e-01 3.850000000000000089e-01 4.949999999999999956e-01 6.750000000000000444e-01 9.150000000000000355e-01 9.549999999999999600e-01 9.599999999999999645e-01 9.849999999999999867e-01 9.899999999999999911e-01 1.000000000000000000e+00 1.000000000000000000e+00 1.000000000000000000e+00 1.000000000000000000e+00 1.000000000000000000e+00 1.000000000000000000e+00 1.000000000000000000e+00 1.000000000000000000e+00 1.000000000000000000e+00 1.000000000000000000e+00
8.000000000000000167e-02 1.049999999999999961e-01 2.399999999999999911e-01 4.849999999999999867e-01 5.849999999999999645e-01 7.900000000000000355e-01 8.699999999999999956e-01 9.399999999999999467e-01 9.949999999999999956e-01 9.849999999999999867e-01 9.949999999999999956e-01 9.849999999999999867e-01 1.000000000000000000e+00 1.000000000000000000e+00 1.000000000000000000e+00 1.000000000000000000e+00 1.000000000000000000e+00 1.000000000000000000e+00 1.000000000000000000e+00 1.000000000000000000e+00
1.049999999999999961e-01 1.849999999999999978e-01 1.199999999999999956e-01 3.200000000000000067e-01 6.199999999999999956e-01 7.449999999999999956e-01 8.800000000000000044e-01 9.549999999999999600e-01 9.300000000000000488e-01 9.799999999999999822e-01 1.000000000000000000e+00 9.949999999999999956e-01 1.000000000000000000e+00 1.000000000000000000e+00 1.000000000000000000e+00 1.000000000000000000e+00 1.000000000000000000e+00 1.000000000000000000e+00 1.000000000000000000e+00 1.000000000000000000e+00
1.000000000000000056e-01 1.150000000000000050e-01 2.099999999999999922e-01 2.099999999999999922e-01 5.649999999999999467e-01 6.800000000000000488e-01 8.000000000000000444e-01 8.950000000000000178e-01 9.300000000000000488e-01 9.649999999999999689e-01 9.899999999999999911e-01 1.000000000000000000e+00 9.949999999999999956e-01 1.000000000000000000e+00 9.899999999999999911e-01 1.000000000000000000e+00 1.000000000000000000e+00 1.000000000000000000e+00 1.000000000000000000e+00 9.300000000000000488e-01
1.100000000000000006e-01 1.449999999999999900e-01 1.300000000000000044e-01 1.749999999999999889e-01 4.400000000000000022e-01 4.299999999999999933e-01 7.349999999999999867e-01 8.750000000000000000e-01 9.200000000000000400e-01 9.499999999999999556e-01 9.899999999999999911e-01 9.949999999999999956e-01 9.949999999999999956e-01 9.899999999999999911e-01 1.000000000000000000e+00 9.899999999999999911e-01 1.000000000000000000e+00 1.000000000000000000e+00 1.000000000000000000e+00 1.000000000000000000e+00
1.250000000000000000e-01 1.650000000000000078e-01 1.950000000000000067e-01 1.499999999999999944e-01 4.099999999999999756e-01 4.949999999999999956e-01 5.999999999999999778e-01 7.950000000000000400e-01 8.850000000000000089e-01 9.699999999999999734e-01 9.699999999999999734e-01 1.000000000000000000e+00 9.949999999999999956e-01 9.949999999999999956e-01 1.000000000000000000e+00 1.000000000000000000e+00 1.000000000000000000e+00 1.000000000000000000e+00 1.000000000000000000e+00 1.000000000000000000e+00
2.149999999999999967e-01 1.950000000000000067e-01 1.749999999999999889e-01 2.500000000000000000e-01 3.350000000000000200e-01 4.650000000000000244e-01 6.149999999999999911e-01 7.550000000000000044e-01 9.449999999999999512e-01 9.499999999999999556e-01 9.449999999999999512e-01 9.899999999999999911e-01 9.649999999999999689e-01 9.849999999999999867e-01 1.000000000000000000e+00 1.000000000000000000e+00 1.000000000000000000e+00 9.949999999999999956e-01 3.449999999999999734e-01 1.000000000000000000e+00
